0,1,2,3,4,5,6,7,8,9,10,11,12,13,14,15,16,17,18,19,20,21,22,23,24,25,26,27,28,29,30,31,32,33,34,35,36,37,38,39,40,41,42,43,44,45,46
1.0,0.47448500413692823,0.47529998431787646,0.3847459662689861,0.6631774413621492,0.43055842366069547,0.4743208468804037,0.36778578731683775,0.600967847671767,0.38492952470748604,0.6224568856975992,0.4187629045406252,0.5476279541966673,0.3931138649682035,0.7907332330776975,0.40585705215897305,0.4126384336319954,0.695581555168603,0.424290280438001,0.42977618715717486,0.3737748211677337,0.41804029747279153,0.3034369261936906,0.2950709397931594,0.3713753650667216,0.3460909080880534,0.30307574575181134,0.2915721108449988,0.2978922709280379,0.1833803212238152,0.2616306087177286,0.3125246593360598,0.26930193774753597,0.15321712433077497,0.3056079992789723,0.22635688940301232,0.17224500358320244,0.2452858267625795,0.19418858117449214,0.16389635679057799,0.213633233340728,0.17098133474640836,0.14248596113856915,0.144022629964985,0.15920220385928804,0.17484919261357423,0.05969081119380011
0.47448500413692823,1.0,0.5531782505699588,0.36458281912913415,0.4857255654681118,0.5801834970031594,0.5728178915656809,0.32854492665525276,0.43710360591166214,0.32245315667352265,0.52250564657435,0.35100312648902665,0.5273458417468646,0.3631716671339348,0.46773085882508236,0.3436507241084278,0.6441441870573524,0.45038540358185863,0.6466459575340462,0.5161451961154336,0.3631242799125782,0.4753161166290114,0.3309458710060841,0.2819983031464055,0.5306023663068786,0.4153756535478605,0.3381031189780401,0.35553065028715247,0.3134430660437735,0.22669124882474265,0.29653893159401873,0.35452668612949406,0.2654435460831738,0.1656997874030991,0.33632177858053336,0.28895647987756073,0.2176468647814038,0.2288828415078744,0.26154513804305807,0.19770344501511108,0.22600063520243457,0.19298817644361715,0.16189057659269002,0.15447136617183316,0.14657336276170854,0.16073057082516654,0.05969081119380011
0.47529998431787646,0.5531782505699588,1.0,0.3444889107339626,0.49788947921251425,0.5056299994744974,0.7832968993490802,0.33602458628862913,0.43974862043342305,0.26678471295710815,0.5995235594949242,0.3257453288806205,0.6130021964514983,0.3126301116777151,0.4619315981848386,0.326929318822261,0.5046399348011544,0.44006195285194366,0.4865838675131517,0.7365207038424414,0.33042563336045033,0.6782102798457356,0.30213872727831703,0.28076893393301566,0.4570900368171883,0.3556395369968483,0.33101108750889024,0.34477009651251755,0.29613007392850865,0.1864276374973385,0.24399023465268585,0.3556121643527231,0.27442033123015974,0.17406614443648583,0.32662968441640056,0.2667705473635574,0.21257247881825714,0.22926185161523951,0.27108975587176304,0.18301981665742534,0.17797742303056485,0.22570968869333033,0.1442117003395396,0.16584284731614876,0.14340689787759084,0.1563573492813319,0.0821483726010188
0.3847459662689861,0.36458281912913415,0.3444889107339626,1.0,0.38422294763655346,0.29739361213026194,0.36699099733560697,0.7437685558064937,0.318108962076428,0.39522896999572316,0.3622483700819586,0.4900021760110222,0.33735766424434294,0.28869629144420234,0.3827917318214113,0.28259400988505523,0.3127858486865586,0.34565040414436454,0.35098903279049865,0.232019460512204,0.8100651123797882,0.2801467756824593,0.2871049394241836,0.26393003027647743,0.23283842486385267,0.2504028932145675,0.24261521556132246,0.20079019302259055,0.24513041615245043,0.1993133595783146,0.1889714618351548,0.26689073025405113,0.22028124617802455,0.15380907972906624,0.20938577756870946,0.15120003233183346,0.1528303846048814,0.20192411821816655,0.16501925536013484,0.14579462703517684,0.20626357506084833,0.16534221393422868,0.12007590705302204,0.14475704978857853,0.15995356303355762,0.11621610382011202,0.09204152968973556
0.6631774413621492,0.4857255654681118,0.49788947921251425,0.38422294763655346,1.0,0.4446245004165428,0.5219725471436469,0.38360092189736344,0.5372744909132237,0.33384717945709963,0.6035148672075344,0.44582328271408267,0.6154822265863232,0.3608970749244593,0.7444573013003516,0.4262272995887311,0.4297829047607008,0.7088126484227262,0.4446636053677026,0.4652078430141139,0.3831493052813467,0.4524095176978675,0.329862274313934,0.3246227507497305,0.3904483956062622,0.33925585205814823,0.3198462554994727,0.28756946817675094,0.31048058028129666,0.18969296272061265,0.2501924130589192,0.3132618324593936,0.2601288285958721,0.17672385172706526,0.29074401637718833,0.2498285539044636,0.17031830228489234,0.21298456153184941,0.20551344745341604,0.17458332106629124,0.20960188908550934,0.18563397657956285,0.16125961725538313,0.14483645673030968,0.15967700372535298,0.15512334673970815,0.05969081119380011
0.43055842366069547,0.5801834970031594,0.5056299994744974,0.29739361213026194,0.4446245004165428,1.0,0.4976367388784832,0.2817330024655961,0.3996340100043674,0.2868313562498811,0.4877174600114267,0.3371904614187924,0.5217840798218454,0.2859322330873079,0.4324498464717994,0.3170709128224123,0.6329285833671252,0.41771264214825293,0.5953177860571328,0.44606626105431507,0.2873843324258247,0.384214937983815,0.2835381121741834,0.2614989452132991,0.5527116115840307,0.39550229465565717,0.25336153303697523,0.2808326601927731,0.2570539740825225,0.17158268288147518,0.2596525807740541,0.30224598425532845,0.20143965269034164,0.15480112417309275,0.24082824919066256,0.20084088226271338,0.16786078374467212,0.19378691533106873,0.2633221935931204,0.12357243134960753,0.16504167582248816,0.13313700912331083,0.11622062732079044,0.1136828962816932,0.09782991663964777,0.13852684850161254,0.08264247386657057
0.4743208468804037,0.5728178915656809,0.7832968993490802,0.36699099733560697,0.5219725471436469,0.4976367388784832,1.0,0.37804154605316453,0.47563072609607954,0.27430086723705555,0.5999372279228828,0.33238306986140187,0.637229802665458,0.33239724045535685,0.48229049026898163,0.3612856438667006,0.5352580150519796,0.46160007919184215,0.5296654704076917,0.7429855519419656,0.3582756955701371,0.7174980607477324,0.3276225795176202,0.3091833627781713,0.47675100129188125,0.38941667054724083,0.37523297406360284,0.37571569991035125,0.3422730142881687,0.22525964792949066,0.2559322092573092,0.3588384345905512,0.2729792841306888,0.19571700353842975,0.3405603824346218,0.2861309852521259,0.22613544853099043,0.22510810009428936,0.28283759618221704,0.2102250223851322,0.22004866852093796,0.22028424666029317,0.139329986510879,0.145885752362516,0.15248898884990758,0.19020539419969187,0.07362485775485306
0.36778578731683775,0.32854492665525276,0.33602458628862913,0.7437685558064937,0.38360092189736344,0.2817330024655961,0.37804154605316453,1.0,0.3031191706302294,0.38899605513070956,0.3750629512611162,0.4728119771821965,0.35805683598706906,0.3225705583099542,0.3831766286827603,0.27969492527040835,0.28192459890297455,0.36949772081339594,0.31847553393924083,0.2424600958554276,0.812421920877701,0.2758700814457861,0.277728404247021,0.26609276814536903,0.24014451136887124,0.2341447081598731,0.25698561533034303,0.19054459760669645,0.24709732777984578,0.1878359657761264,0.1700063380983536,0.2649653644949087,0.22950418944628653,0.15888354545900402,0.19805828010191762,0.16608705692793205,0.1660716689842937,0.20901474576331383,0.15396578496323357,0.13545881952089162,0.18409348870767037,0.13687852625055547,0.13298659655879516,0.1479445749819194,0.14839126937338207,0.12709542077876784,0.05969081119380011
0.600967847671767,0.43710360591166214,0.43974862043342305,0.318108962076428,0.5372744909132237,0.3996340100043674,0.47563072609607954,0.3031191706302294,1.0,0.31542152501341936,0.5236691473697103,0.34028486509493905,0.5134576050870409,0.31921609491901315,0.5868485106527622,0.3180461687195577,0.42620322006999034,0.5489453827895578,0.4138270962417106,0.440695707607156,0.2972742471976404,0.41898742389774907,0.299904436084529,0.25994310186075575,0.4029796600281899,0.41036096974086106,0.2850874010857422,0.24354708465060607,0.284864675796105,0.12293713308221321,0.25003507565491623,0.2963084217737852,0.2236313415487129,0.1302313279705186,0.3259721902803358,0.2061191240288255,0.2124110331920877,0.20298822842364125,0.315260218860753,0.21011706849286957,0.2162158832813631,0.1779545363320368,0.09684048920084366,0.10483873434686804,0.14530857081439413,0.16169546760554632,0.05094422536332962
0.38492952470748604,0.32245315667352265,0.26678471295710815,0.39522896999572316,0.33384717945709963,0.2868313562498811,0.27430086723705555,0.38899605513070956,0.31542152501341936,1.0,0.35894119476252007,0.6037546132545182,0.3133536927543259,0.2761828665137533,0.3766024586092876,0.2814378773571103,0.29640412472578004,0.3225689597747576,0.26373840212079014,0.16837622888460937,0.37726874127561427,0.22983124981896128,0.24156463442264361,0.1843728750387436,0.23192525594860908,0.26907204034888466,0.2142710209550377,0.163233018743775,0.16800068793162198,0.17726400979236157,0.1736626809249579,0.19366269751226167,0.18296158456936024,0.12602061675673804,0.1449000343676432,0.12455424656240337,0.13836729765214384,0.16730647770804355,0.16621942935649392,0.1516576494554174,0.10761717356049283,0.11827202909321369,0.12247989571571181,0.10732280779070043,0.11068492020072913,0.09420740806338332,0.04597010404877529
0.6224568856975992,0.52250564657435,0.5995235594949242,0.3622483700819586,0.6035148672075344,0.4877174600114267,0.5999372279228828,0.3750629512611162,0.5236691473697103,0.35894119476252007,1.0,0.3901725851341956,0.7297488071709927,0.4006918706289355,0.6269206605772716,0.4005355601832808,0.455860921810298,0.6093796425087546,0.4542939550861094,0.53421010805898,0.3535126669211241,0.5680185496237408,0.3261896283215527,0.30582279832665943,0.45160671636983,0.3682348119159735,0.31588077166774486,0.3006884428526913,0.2877734217578904,0.19798891102017263,0.2837017626129792,0.3309093244379181,0.27138607783321783,0.15808808880819253,0.2977791126271034,0.25155255872562854,0.20509029243922874,0.23306129909189102,0.22599048993309112,0.14239990436177274,0.18616446212722706,0.20209449520598505,0.1397877966921124,0.1411542865499073,0.14108797911916707,0.14483438371900373,0.07298708480286004
0.4187629045406252,0.35100312648902665,0.3257453288806205,0.4900021760110222,0.44582328271408267,0.3371904614187924,0.33238306986140187,0.4728119771821965,0.34028486509493905,0.6037546132545182,0.3901725851341956,1.0,0.36833876749868594,0.31300409284198105,0.43513334510567336,0.3285390500431826,0.3342988771575918,0.4206853251620816,0.3061986852975233,0.2174992676657848,0.4800891411264748,0.26905346812294273,0.3116824296113153,0.29221462847505897,0.2667641169014932,0.27497157175760645,0.2625044655309197,0.20745252277223758,0.2677027859924799,0.2014909323460114,0.19595988611442183,0.23672436597045216,0.2405687786349175,0.16395801118894174,0.2103756845729016,0.14008036782419542,0.1832983859317388,0.17942124396195394,0.233212723623706,0.16827029965821083,0.17261994275249684,0.18314329268876772,0.1331962504581228,0.11304699043207977,0.13569348475327228,0.09001509468274001,0.05969081119380011
0.5476279541966673,0.5273458417468646,0.6130021964514983,0.33735766424434294,0.6154822265863232,0.5217840798218454,0.637229802665458,0.35805683598706906,0.5134576050870409,0.3133536927543259,0.7297488071709927,0.36833876749868594,1.0,0.3672693380512813,0.571989731867686,0.35927919355596727,0.49581663690179134,0.5612962766886471,0.5002374160316951,0.5536029193584314,0.3675722036661071,0.5708437370713737,0.283362796045853,0.26054883939174267,0.44467928022985115,0.38993062075598267,0.2974599599491756,0.3273562117484212,0.2809150009039907,0.17402479028462886,0.24390822462966913,0.31488847630262123,0.2517624051997375,0.14091160567510996,0.27040568698972883,0.2500477447944707,0.17099643785192797,0.19777279263071515,0.20237782003293533,0.12711582498751997,0.1744298771886527,0.1740455956504471,0.13167176990628623,0.1577303176158189,0.15079148611369897,0.15409145393288146,0.06960848286838518
0.3931138649682035,0.3631716671339348,0.3126301116777151,0.28869629144420234,0.3608970749244593,0.2859322330873079,0.33239724045535685,0.3225705583099542,0.31921609491901315,0.2761828665137533,0.4006918706289355,0.31300409284198105,0.3672693380512813,1.0,0.3863870230099748,0.3216834084256932,0.33170760024157125,0.34052166238106185,0.32998933757874227,0.2639081368066674,0.3205820985027131,0.28578959677821725,0.3350312393858124,0.26953869222498944,0.29426459753458384,0.294565819601126,0.2422711184214864,0.22920250434418935,0.19239004328798026,0.21131440642831814,0.190552904546547,0.2859950853073856,0.22226522818753733,0.12974778966417205,0.23359940090125714,0.2204047287184747,0.18938521275937148,0.24390313931124546,0.20006877772900167,0.12907538115693118,0.15359157149262234,0.16520190550580632,0.13067658896811563,0.11686851576278391,0.11932048545600442,0.09849308713270025,0.07362485775485306
0.7907332330776975,0.46773085882508236,0.4619315981848386,0.3827917318214113,0.7444573013003516,0.4324498464717994,0.48229049026898163,0.3831766286827603,0.5868485106527622,0.3766024586092876,0.6269206605772716,0.43513334510567336,0.571989731867686,0.3863870230099748,1.0,0.4441211115915422,0.41851411188772086,0.7915677507596377,0.40297468744310083,0.43835249130488013,0.38871404591763964,0.4208175886687109,0.32184759122298534,0.33896291189768,0.3872181953080217,0.3592959125628008,0.31965766489083347,0.2938641181544302,0.35021093424085775,0.1865617667264433,0.2862358353408212,0.32007844578223693,0.2820155128078212,0.17826212668870237,0.30128326430158875,0.24691557927822766,0.1858643147482573,0.2255533879157817,0.22278646691081783,0.18052748944987615,0.2310234666454485,0.1910245610121829,0.1612596172553831,0.14115428654990733,0.16362104006442554,0.14068186639781516,0.05969081119380011
0.40585705215897305,0.3436507241084278,0.326929318822261,0.28259400988505523,0.4262272995887311,0.3170709128224123,0.3612856438667006,0.27969492527040835,0.3180461687195577,0.2814378773571103,0.4005355601832808,0.3285390500431826,0.35927919355596727,0.3216834084256932,0.4441211115915422,1.0,0.32972926424674215,0.40533214329070016,0.2831803192425125,0.23633932633649612,0.2812344002218619,0.3347330557176034,0.2598461271632487,0.22903431384255069,0.28043527189087863,0.20216046584207598,0.2449747510198868,0.22476287963190195,0.21161752743868092,0.15492356002351507,0.18378746280962466,0.28363545056499756,0.21327281236011006,0.13805254116476046,0.22735095719522389,0.19911348380973626,0.18493136944297683,0.1857068865179623,0.16517042391372166,0.11079718330902294,0.15725504671349344,0.17147078691219816,0.14664607911391572,0.11712298191154684,0.13197986943537576,0.12345284572773108,0.07029512326068386
0.4126384336319954,0.6441441870573524,0.5046399348011544,0.3127858486865586,0.4297829047607008,0.6329285833671252,0.5352580150519796,0.28192459890297455,0.42620322006999034,0.29640412472578004,0.455860921810298,0.3342988771575918,0.49581663690179134,0.33170760024157125,0.41851411188772086,0.32972926424674215,1.0,0.3969533405176676,0.6404180217717376,0.44858230115784115,0.3032193832185854,0.43499318909085843,0.30800476147914,0.2887042543938229,0.5610086857442143,0.45359371563428486,0.33100845820064095,0.34990718066652987,0.2831560675854511,0.1809413993962379,0.2835947182221119,0.3443411270370403,0.261848375508863,0.17541138412203666,0.2936491665665402,0.26058190704128414,0.18883114131555437,0.21445797122744892,0.22899883420906586,0.16034276266314518,0.19941466614655246,0.2056338641868082,0.13499943524666683,0.13342285839144946,0.12027228733993167,0.14864040392424258,0.06776584111365339
0.695581555168603,0.45038540358185863,0.44006195285194366,0.34565040414436454,0.7088126484227262,0.41771264214825293,0.46160007919184215,0.36949772081339594,0.5489453827895578,0.3225689597747576,0.6093796425087546,0.4206853251620816,0.5612962766886471,0.34052166238106185,0.7915677507596377,0.40533214329070016,0.3969533405176676,1.0,0.38751595758025675,0.4181588365219567,0.36449996957197167,0.40663956181180166,0.2807151871405466,0.2772022126880028,0.3724591476229909,0.2988267903270613,0.31935672955402483,0.2534141257862527,0.2986852808457949,0.16908125234834734,0.2684837799363588,0.31906363977482494,0.2538856606198632,0.14984370207673814,0.2922713882907071,0.22611588252860984,0.16285912056000365,0.2005709181416693,0.19632005364290417,0.13707349966782711,0.21125836236017065,0.15915709684488788,0.12900670445303344,0.12414370695455927,0.1496729577830721,0.1645626443469463,0.05276109198391111
0.424290280438001,0.6466459575340462,0.4865838675131517,0.35098903279049865,0.4446636053677026,0.5953177860571328,0.5296654704076917,0.31847553393924083,0.4138270962417106,0.26373840212079014,0.4542939550861094,0.3061986852975233,0.5002374160316951,0.32998933757874227,0.40297468744310083,0.2831803192425125,0.6404180217717376,0.38751595758025675,1.0,0.49227453702945756,0.325343798015743,0.43939504027082793,0.2766541401065351,0.276988605222971,0.503558900530257,0.4842344812673702,0.32100256531552185,0.32002698678775743,0.2842615297792485,0.2166297111967374,0.28822724099295355,0.34941551630634804,0.26228740422724595,0.1433858908756903,0.29311594729025775,0.27133183742359573,0.16944621058762785,0.21898737732864396,0.23748332056819338,0.1595885490145959,0.1848916403341004,0.17631279945014922,0.12477087887137327,0.11726497881138144,0.1332789026204085,0.158436549952265,0.0821483726010188
0.42977618715717486,0.5161451961154336,0.7365207038424414,0.232019460512204,0.4652078430141139,0.44606626105431507,0.7429855519419656,0.2424600958554276,0.440695707607156,0.16837622888460937,0.53421010805898,0.2174992676657848,0.5536029193584314,0.2639081368066674,0.43835249130488013,0.23633932633649612,0.44858230115784115,0.4181588365219567,0.49227453702945756,1.0,0.22252097953541863,0.5686720037757304,0.24615805773755572,0.21348876446909454,0.4067552607871769,0.30973556355326853,0.34128574884679597,0.3768135601620708,0.31127288636704575,0.15264589986686494,0.2551669616289176,0.3552785049500976,0.22850227049970476,0.13281788357390387,0.3150437649258545,0.2867740590960932,0.18565968769840893,0.18412305140782995,0.2696131020496223,0.1784188570983896,0.1601305999391004,0.21363670559330147,0.11940314901640131,0.15237388970722957,0.15563276843928986,0.20201661430146686,0.03859156674659097
0.3737748211677337,0.3631242799125782,0.33042563336045033,0.8100651123797882,0.3831493052813467,0.2873843324258247,0.3582756955701371,0.812421920877701,0.2972742471976404,0.37726874127561427,0.3535126669211241,0.4800891411264748,0.3675722036661071,0.3205820985027131,0.38871404591763964,0.2812344002218619,0.3032193832185854,0.36449996957197167,0.325343798015743,0.22252097953541863,1.0,0.26168827228540475,0.2866907338382194,0.275918862946896,0.25554615548947435,0.23986745013416896,0.24750646312502342,0.19527677789139944,0.24564100195690639,0.1958113382524758,0.18769039259410672,0.28601256847924333,0.22343639198921614,0.1473998402900116,0.2076597824408076,0.13606318232792403,0.15532375397618367,0.19744959717095092,0.14355325682940714,0.13872621062318208,0.20034688771130135,0.1450293911212124,0.1307069903849936,0.15573560109755516,0.16301694316303056,0.12618220828733112,0.09204152968973556
0.41804029747279153,0.4753161166290114,0.6782102798457356,0.2801467756824593,0.4524095176978675,0.384214937983815,0.7174980607477324,0.2758700814457861,0.41898742389774907,0.22983124981896128,0.5680185496237408,0.26905346812294273,0.5708437370713737,0.28578959677821725,0.4208175886687109,0.3347330557176034,0.43499318909085843,0.40663956181180166,0.43939504027082793,0.5686720037757304,0.26168827228540475,1.0,0.2626562842251836,0.2383774873805287,0.38306699119855386,0.297686741204739,0.26582962433843454,0.31013269902750035,0.24615862286600876,0.1757546806343294,0.22843593645767657,0.2888992672155014,0.22248861837374875,0.14061700890920706,0.28480142735638136,0.2474012439665298,0.15812614033577072,0.1743663379501841,0.19705265899874305,0.13361845268368913,0.14960166946683826,0.1511358775612888,0.10295638881832299,0.1241909367861074,0.1336360999093094,0.1401201740528388,0.050675590028860684
0.3034369261936906,0.3309458710060841,0.30213872727831703,0.2871049394241836,0.329862274313934,0.2835381121741834,0.3276225795176202,0.277728404247021,0.299904436084529,0.24156463442264361,0.3261896283215527,0.3116824296113153,0.283362796045853,0.3350312393858124,0.32184759122298534,0.2598461271632487,0.30800476147914,0.2807151871405466,0.2766541401065351,0.24615805773755572,0.2866907338382194,0.2626562842251836,1.0,0.4352720973247603,0.2599990617282983,0.2555419426064684,0.19102954273064696,0.19716858123705608,0.19747562702572075,0.1723109286543052,0.19235812966575924,0.24665376290824487,0.21692465128127109,0.13593039517490282,0.2413256972592655,0.16885167196967,0.1487986888356322,0.19669606757333996,0.21671844465256104,0.151373285530108,0.1503130897430159,0.1537776486024463,0.12044815841407965,0.08146346450854748,0.10191542519328958,0.09154952164158714,0.08474146768165149
0.2950709397931594,0.2819983031464055,0.28076893393301566,0.26393003027647743,0.3246227507497305,0.2614989452132991,0.3091833627781713,0.26609276814536903,0.25994310186075575,0.1843728750387436,0.30582279832665943,0.29221462847505897,0.26054883939174267,0.26953869222498944,0.33896291189768,0.22903431384255069,0.2887042543938229,0.2772022126880028,0.276988605222971,0.21348876446909454,0.275918862946896,0.2383774873805287,0.4352720973247603,1.0,0.24056456435125873,0.22013691160497517,0.19829796886095472,0.20613532794232817,0.18739628255791765,0.15122825763155257,0.19985902250420304,0.24772793756545813,0.19389227564310166,0.1352628289153807,0.20441716808202057,0.17105062267559384,0.1268533865095161,0.13072823288774935,0.17769154238321244,0.11771040548516334,0.09899597841094826,0.15846135434152184,0.10325457481770034,0.08864756934704113,0.08739056103151462,0.07954043854916563,0.05703178722608366
0.3713753650667216,0.5306023663068786,0.4570900368171883,0.23283842486385267,0.3904483956062622,0.5527116115840307,0.47675100129188125,0.24014451136887124,0.4029796600281899,0.23192525594860908,0.45160671636983,0.2667641169014932,0.44467928022985115,0.29426459753458384,0.3872181953080217,0.28043527189087863,0.5610086857442143,0.3724591476229909,0.503558900530257,0.4067552607871769,0.25554615548947435,0.38306699119855386,0.2599990617282983,0.24056456435125873,1.0,0.43120466243084543,0.28162443205851173,0.3028345843982558,0.26085575675093653,0.13649313020784126,0.26472604556162105,0.32233790414618324,0.2035332700226566,0.16674103823865177,0.320040641612742,0.2486036788160548,0.19345357292456117,0.18129133975518918,0.263051439508242,0.17467365948387772,0.15856374028142273,0.14759240460163772,0.10786515598045353,0.10619071361032524,0.10776428646143252,0.12576006626769706,0.038673377802995255
0.3460909080880534,0.4153756535478605,0.3556395369968483,0.2504028932145675,0.33925585205814823,0.39550229465565717,0.38941667054724083,0.2341447081598731,0.41036096974086106,0.26907204034888466,0.3682348119159735,0.27497157175760645,0.38993062075598267,0.294565819601126,0.3592959125628008,0.20216046584207598,0.45359371563428486,0.2988267903270613,0.4842344812673702,0.30973556355326853,0.23986745013416896,0.297686741204739,0.2555419426064684,0.22013691160497517,0.43120466243084543,1.0,0.23857508879698058,0.24494444950173608,0.21824530624627636,0.13467043829689093,0.23636418128094924,0.26624494235829077,0.2504035493232056,0.1425699075263303,0.2660298263392769,0.22115050087092877,0.21023686122372853,0.20697573715592238,0.2561956054753756,0.1634850077050116,0.16200439307958486,0.17444574561185122,0.07794256513882696,0.08712052229079673,0.11480275455339736,0.1485216944734615,0.0681228473803139
0.30307574575181134,0.3381031189780401,0.33101108750889024,0.24261521556132246,0.3198462554994727,0.25336153303697523,0.37523297406360284,0.25698561533034303,0.2850874010857422,0.2142710209550377,0.31588077166774486,0.2625044655309197,0.2974599599491756,0.2422711184214864,0.31965766489083347,0.2449747510198868,0.33100845820064095,0.31935672955402483,0.32100256531552185,0.34128574884679597,0.24750646312502342,0.26582962433843454,0.19102954273064696,0.19829796886095472,0.28162443205851173,0.23857508879698058,1.0,0.30750931137379056,0.408149455852433,0.19750952114898157,0.35320880726638265,0.3771082313751205,0.32098773155036614,0.1743060794705361,0.3546006339128978,0.22757237552590612,0.25924826111092225,0.23026211032006977,0.32299768897106634,0.17316712267685433,0.24520531915474222,0.20511494257427093,0.12150648421586281,0.131431546996752,0.16605180014506588,0.20197270423343647,0.06467753687732546
0.2915721108449988,0.35553065028715247,0.34477009651251755,0.20079019302259055,0.28756946817675094,0.2808326601927731,0.37571569991035125,0.19054459760669645,0.24354708465060607,0.163233018743775,0.3006884428526913,0.20745252277223758,0.3273562117484212,0.22920250434418935,0.2938641181544302,0.22476287963190195,0.34990718066652987,0.2534141257862527,0.32002698678775743,0.3768135601620708,0.19527677789139944,0.31013269902750035,0.19716858123705608,0.20613532794232817,0.3028345843982558,0.24494444950173608,0.30750931137379056,1.0,0.31873782513066334,0.16788602619501955,0.22505405862861352,0.4127614061582964,0.23402016993641497,0.12035055139025598,0.27379055766565036,0.3075372836832071,0.2247963293205872,0.2215462214027839,0.25150581776103936,0.1357787390787093,0.19811808565459837,0.23044131830717807,0.09413110463546862,0.12223982411906038,0.12941030239937087,0.1818304241836222,0.06646785111660315
0.2978922709280379,0.3134430660437735,0.29613007392850865,0.24513041615245043,0.31048058028129666,0.2570539740825225,0.3422730142881687,0.24709732777984578,0.284864675796105,0.16800068793162198,0.2877734217578904,0.2677027859924799,0.2809150009039907,0.19239004328798026,0.35021093424085775,0.21161752743868092,0.2831560675854511,0.2986852808457949,0.2842615297792485,0.31127288636704575,0.24564100195690639,0.24615862286600876,0.19747562702572075,0.18739628255791765,0.26085575675093653,0.21824530624627636,0.408149455852433,0.31873782513066334,1.0,0.14350251204259193,0.2799032258038094,0.38640693367850115,0.3044243803731152,0.15783799550776853,0.30094992516258195,0.21960710759998514,0.21244842339062817,0.23991049566546782,0.2176714665176778,0.11938599942923481,0.15084261799631887,0.1750569776146142,0.09928841282183787,0.08909501657658628,0.14190660500710975,0.1488139262435171,0.03078738413660869
0.1833803212238152,0.22669124882474265,0.1864276374973385,0.1993133595783146,0.18969296272061265,0.17158268288147518,0.22525964792949066,0.1878359657761264,0.12293713308221321,0.17726400979236157,0.19798891102017263,0.2014909323460114,0.17402479028462886,0.21131440642831814,0.1865617667264433,0.15492356002351507,0.1809413993962379,0.16908125234834734,0.2166297111967374,0.15264589986686494,0.1958113382524758,0.1757546806343294,0.1723109286543052,0.15122825763155257,0.13649313020784126,0.13467043829689093,0.19750952114898157,0.16788602619501955,0.14350251204259193,1.0,0.13506544205109983,0.15953447932711215,0.12204138239598618,0.11568898602214844,0.1322790276501291,0.11435806940538666,0.14469144940942255,0.13479671665239834,0.13139457762567658,0.05952463504663485,0.07855998886753941,0.0950540755308386,0.10107904705545728,0.06901088036124456,0.09087494750293558,0.08450165546534516,0.042011214429381084
0.2616306087177286,0.29653893159401873,0.24399023465268585,0.1889714618351548,0.2501924130589192,0.2596525807740541,0.2559322092573092,0.1700063380983536,0.25003507565491623,0.1736626809249579,0.2837017626129792,0.19595988611442183,0.24390822462966913,0.190552904546547,0.2862358353408212,0.18378746280962466,0.2835947182221119,0.2684837799363588,0.28822724099295355,0.2551669616289176,0.18769039259410672,0.22843593645767657,0.19235812966575924,0.19985902250420304,0.26472604556162105,0.23636418128094924,0.35320880726638265,0.22505405862861352,0.2799032258038094,0.13506544205109983,1.0,0.31984632784747224,0.279250470727505,0.25300103096605675,0.3752054703521004,0.1899731416123773,0.343209026923485,0.30081775793579607,0.24637157521484487,0.1761916358290559,0.19295490533871926,0.20584157843981093,0.05651834563917794,0.08024549089345166,0.14270667681996738,0.12425748732594319,0.0307701416851597
0.3125246593360598,0.35452668612949406,0.3556121643527231,0.26689073025405113,0.3132618324593936,0.30224598425532845,0.3588384345905512,0.2649653644949087,0.2963084217737852,0.19366269751226167,0.3309093244379181,0.23672436597045216,0.31488847630262123,0.2859950853073856,0.32007844578223693,0.28363545056499756,0.3443411270370403,0.31906363977482494,0.34941551630634804,0.3552785049500976,0.28601256847924333,0.2888992672155014,0.24665376290824487,0.24772793756545813,0.32233790414618324,0.26624494235829077,0.3771082313751205,0.4127614061582964,0.38640693367850115,0.15953447932711215,0.31984632784747224,1.0,0.31710953387537816,0.19582481623205536,0.34137584414232774,0.34786784367015866,0.22944014685162337,0.25229374470858323,0.31757857368743103,0.19030868105587015,0.23794356212691434,0.2185082346677607,0.11239570353080866,0.14437469908617045,0.16514324980264383,0.21142534717917452,0.10184412492654966
0.26930193774753597,0.2654435460831738,0.27442033123015974,0.22028124617802455,0.2601288285958721,0.20143965269034164,0.2729792841306888,0.22950418944628653,0.2236313415487129,0.18296158456936024,0.27138607783321783,0.2405687786349175,0.2517624051997375,0.22226522818753733,0.2820155128078212,0.21327281236011006,0.261848375508863,0.2538856606198632,0.26228740422724595,0.22850227049970476,0.22343639198921614,0.22248861837374875,0.21692465128127109,0.19389227564310166,0.2035332700226566,0.2504035493232056,0.32098773155036614,0.23402016993641497,0.3044243803731152,0.12204138239598618,0.279250470727505,0.31710953387537816,1.0,0.17146779645610702,0.30022940368561835,0.19063760868209226,0.26820886983291714,0.28131056102769764,0.23298821534349634,0.12855951299618218,0.20399910043220454,0.2320985923299922,0.08678634001399597,0.09783137011319211,0.1189050525149319,0.119483422746994,0.0668014918515802
0.15321712433077497,0.1656997874030991,0.17406614443648583,0.15380907972906624,0.17672385172706526,0.15480112417309275,0.19571700353842975,0.15888354545900402,0.1302313279705186,0.12602061675673804,0.15808808880819253,0.16395801118894174,0.14091160567510996,0.12974778966417205,0.17826212668870237,0.13805254116476046,0.17541138412203666,0.14984370207673814,0.1433858908756903,0.13281788357390387,0.1473998402900116,0.14061700890920706,0.13593039517490282,0.1352628289153807,0.16674103823865177,0.1425699075263303,0.1743060794705361,0.12035055139025598,0.15783799550776853,0.11568898602214844,0.25300103096605675,0.19582481623205536,0.17146779645610702,1.0,0.1828317653660056,0.09899937540313682,0.12146743474296011,0.18245956878357408,0.07640732122220656,0.08714168573753088,0.06514884724477651,0.12363884439650125,0.09204801182414933,0.08293525642596013,0.09459751222091019,0.08134564401911977,0.03880387554244424
0.3056079992789723,0.33632177858053336,0.32662968441640056,0.20938577756870946,0.29074401637718833,0.24082824919066256,0.3405603824346218,0.19805828010191762,0.3259721902803358,0.1449000343676432,0.2977791126271034,0.2103756845729016,0.27040568698972883,0.23359940090125714,0.30128326430158875,0.22735095719522389,0.2936491665665402,0.2922713882907071,0.29311594729025775,0.3150437649258545,0.2076597824408076,0.28480142735638136,0.2413256972592655,0.20441716808202057,0.320040641612742,0.2660298263392769,0.3546006339128978,0.27379055766565036,0.30094992516258195,0.1322790276501291,0.3752054703521004,0.34137584414232774,0.30022940368561835,0.1828317653660056,1.0,0.242043085680644,0.3151473876558417,0.29022627406843243,0.36267411011334083,0.1520041501508473,0.2518601288164672,0.18563968865622907,0.08413345832591604,0.12218380786393841,0.1639523839197945,0.17528146744768164,0.0397841293204045
0.22635688940301232,0.28895647987756073,0.2667705473635574,0.15120003233183346,0.2498285539044636,0.20084088226271338,0.2861309852521259,0.16608705692793205,0.2061191240288255,0.12455424656240337,0.25155255872562854,0.14008036782419542,0.2500477447944707,0.2204047287184747,0.24691557927822766,0.19911348380973626,0.26058190704128414,0.22611588252860984,0.27133183742359573,0.2867740590960932,0.13606318232792403,0.2474012439665298,0.16885167196967,0.17105062267559384,0.2486036788160548,0.22115050087092877,0.22757237552590612,0.3075372836832071,0.21960710759998514,0.11435806940538666,0.1899731416123773,0.34786784367015866,0.19063760868209226,0.09899937540313682,0.242043085680644,1.0,0.15554927696670587,0.20572605827778687,0.1953590304906782,0.1610851849688888,0.150581267278078,0.19926929902974597,0.10427325195620546,0.14098649148054124,0.26134608393415354,0.2780467481341811,0.05598534077180987
0.17224500358320244,0.2176468647814038,0.21257247881825714,0.1528303846048814,0.17031830228489234,0.16786078374467212,0.22613544853099043,0.1660716689842937,0.2124110331920877,0.13836729765214384,0.20509029243922874,0.1832983859317388,0.17099643785192797,0.18938521275937148,0.1858643147482573,0.18493136944297683,0.18883114131555437,0.16285912056000365,0.16944621058762785,0.18565968769840893,0.15532375397618367,0.15812614033577072,0.1487986888356322,0.1268533865095161,0.19345357292456117,0.21023686122372853,0.25924826111092225,0.2247963293205872,0.21244842339062817,0.14469144940942255,0.343209026923485,0.22944014685162337,0.26820886983291714,0.12146743474296011,0.3151473876558417,0.15554927696670587,1.0,0.2873093121279393,0.23914922754584872,0.14616580211156677,0.1980260522580482,0.18934821248939473,0.05753281732199261,0.06908201495614838,0.07702703231168008,0.08412130576722653,0.055781212580500734
0.2452858267625795,0.2288828415078744,0.22926185161523951,0.20192411821816655,0.21298456153184941,0.19378691533106873,0.22510810009428936,0.20901474576331383,0.20298822842364125,0.16730647770804355,0.23306129909189102,0.17942124396195394,0.19777279263071515,0.24390313931124546,0.2255533879157817,0.1857068865179623,0.21445797122744892,0.2005709181416693,0.21898737732864396,0.18412305140782995,0.19744959717095092,0.1743663379501841,0.19669606757333996,0.13072823288774935,0.18129133975518918,0.20697573715592238,0.23026211032006977,0.2215462214027839,0.23991049566546782,0.13479671665239834,0.30081775793579607,0.25229374470858323,0.28131056102769764,0.18245956878357408,0.29022627406843243,0.20572605827778687,0.2873093121279393,1.0,0.1968292412773173,0.1217860638364245,0.20054774875213177,0.2497516789210274,0.08269551183761664,0.0829860062502891,0.11948295631509862,0.12671305727196489,0.022764634393949237
0.19418858117449214,0.26154513804305807,0.27108975587176304,0.16501925536013484,0.20551344745341604,0.2633221935931204,0.28283759618221704,0.15396578496323357,0.315260218860753,0.16621942935649392,0.22599048993309112,0.233212723623706,0.20237782003293533,0.20006877772900167,0.22278646691081783,0.16517042391372166,0.22899883420906586,0.19632005364290417,0.23748332056819338,0.2696131020496223,0.14355325682940714,0.19705265899874305,0.21671844465256104,0.17769154238321244,0.263051439508242,0.2561956054753756,0.32299768897106634,0.25150581776103936,0.2176714665176778,0.13139457762567658,0.24637157521484487,0.31757857368743103,0.23298821534349634,0.07640732122220656,0.36267411011334083,0.1953590304906782,0.23914922754584872,0.1968292412773173,1.0,0.18130022970812104,0.2757561107933778,0.22200074088209706,0.09252726796696847,0.11602859473440663,0.13643303204485208,0.14799259251166186,0.03981947417600183
0.16389635679057799,0.19770344501511108,0.18301981665742534,0.14579462703517684,0.17458332106629124,0.12357243134960753,0.2102250223851322,0.13545881952089162,0.21011706849286957,0.1516576494554174,0.14239990436177274,0.16827029965821083,0.12711582498751997,0.12907538115693118,0.18052748944987615,0.11079718330902294,0.16034276266314518,0.13707349966782711,0.1595885490145959,0.1784188570983896,0.13872621062318208,0.13361845268368913,0.151373285530108,0.11771040548516334,0.17467365948387772,0.1634850077050116,0.17316712267685433,0.1357787390787093,0.11938599942923481,0.05952463504663485,0.1761916358290559,0.19030868105587015,0.12855951299618218,0.08714168573753088,0.1520041501508473,0.1610851849688888,0.14616580211156677,0.1217860638364245,0.18130022970812104,1.0,0.16609532378768382,0.12841814677554259,0.04628126410881797,0.05557826417356443,0.0843379782239082,0.10069337445107553,0.036507427258785696
0.213633233340728,0.22600063520243457,0.17797742303056485,0.20626357506084833,0.20960188908550934,0.16504167582248816,0.22004866852093796,0.18409348870767037,0.2162158832813631,0.10761717356049283,0.18616446212722706,0.17261994275249684,0.1744298771886527,0.15359157149262234,0.2310234666454485,0.15725504671349344,0.19941466614655246,0.21125836236017065,0.1848916403341004,0.1601305999391004,0.20034688771130135,0.14960166946683826,0.1503130897430159,0.09899597841094826,0.15856374028142273,0.16200439307958486,0.24520531915474222,0.19811808565459837,0.15084261799631887,0.07855998886753941,0.19295490533871926,0.23794356212691434,0.20399910043220454,0.06514884724477651,0.2518601288164672,0.150581267278078,0.1980260522580482,0.20054774875213177,0.2757561107933778,0.16609532378768382,1.0,0.18301828409382606,0.0772904473706199,0.09102615793496473,0.15893352930386753,0.13571333099701005,0.034274507851441746
0.17098133474640836,0.19298817644361715,0.22570968869333033,0.16534221393422868,0.18563397657956285,0.13313700912331083,0.22028424666029317,0.13687852625055547,0.1779545363320368,0.11827202909321369,0.20209449520598505,0.18314329268876772,0.1740455956504471,0.16520190550580632,0.1910245610121829,0.17147078691219816,0.2056338641868082,0.15915709684488788,0.17631279945014922,0.21363670559330147,0.1450293911212124,0.1511358775612888,0.1537776486024463,0.15846135434152184,0.14759240460163772,0.17444574561185122,0.20511494257427093,0.23044131830717807,0.1750569776146142,0.0950540755308386,0.20584157843981093,0.2185082346677607,0.2320985923299922,0.12363884439650125,0.18563968865622907,0.19926929902974597,0.18934821248939473,0.2497516789210274,0.22200074088209706,0.12841814677554259,0.18301828409382606,1.0,0.10180744812564752,0.14942944199791214,0.20897020001700586,0.19287335123734567,0.02341815570342164
0.14248596113856915,0.16189057659269002,0.1442117003395396,0.12007590705302204,0.16125961725538313,0.11622062732079044,0.139329986510879,0.13298659655879516,0.09684048920084366,0.12247989571571181,0.1397877966921124,0.1331962504581228,0.13167176990628623,0.13067658896811563,0.1612596172553831,0.14664607911391572,0.13499943524666683,0.12900670445303344,0.12477087887137327,0.11940314901640131,0.1307069903849936,0.10295638881832299,0.12044815841407965,0.10325457481770034,0.10786515598045353,0.07794256513882696,0.12150648421586281,0.09413110463546862,0.09928841282183787,0.10107904705545728,0.05651834563917794,0.11239570353080866,0.08678634001399597,0.09204801182414933,0.08413345832591604,0.10427325195620546,0.05753281732199261,0.08269551183761664,0.09252726796696847,0.04628126410881797,0.0772904473706199,0.10180744812564752,1.0,0.5178144035375407,0.33741753547529285,0.23819233325953848,0.01762925846121968
0.144022629964985,0.15447136617183316,0.16584284731614876,0.14475704978857853,0.14483645673030968,0.1136828962816932,0.145885752362516,0.1479445749819194,0.10483873434686804,0.10732280779070043,0.1411542865499073,0.11304699043207977,0.1577303176158189,0.11686851576278391,0.14115428654990733,0.11712298191154684,0.13342285839144946,0.12414370695455927,0.11726497881138144,0.15237388970722957,0.15573560109755516,0.1241909367861074,0.08146346450854748,0.08864756934704113,0.10619071361032524,0.08712052229079673,0.131431546996752,0.12223982411906038,0.08909501657658628,0.06901088036124456,0.08024549089345166,0.14437469908617045,0.09783137011319211,0.08293525642596013,0.12218380786393841,0.14098649148054124,0.06908201495614838,0.0829860062502891,0.11602859473440663,0.05557826417356443,0.09102615793496473,0.14942944199791214,0.5178144035375407,1.0,0.5115456977711504,0.3470501959812177,0.022843046624189203
